| index | log2Group | log2Delta | nDelta | isMultiPageSize | isSubPage
    | log2DeltaLookup | size | usize | | 0 | 4 | 4 | 0 | 0 | 1 | 4 | 16 | | | 1
    | 4 | 4 | 1 | 0 | 1 | 4 | 32 | | | 2 | 4 | 4 | 2 | 0 | 1 | 4 | 48 | | | 3
    | 4 | 4 | 3 | 0 | 1 | 4 | 64 | | | 4 | 6 | 4 | 1 | 0 | 1 | 4 | 80 | | | 5
    | 6 | 4 | 2 | 0 | 1 | 4 | 96 | | | 6 | 6 | 4 | 3 | 0 | 1 | 4 | 112 | | | 7
    | 6 | 4 | 4 | 0 | 1 | 4 | 128 | | | 8 | 7 | 5 | 1 | 0 | 1 | 5 | 160 | | | 9
    | 7 | 5 | 2 | 0 | 1 | 5 | 192 | | | 10 | 7 | 5 | 3 | 0 | 1 | 5 | 224 | |
    | 11 | 7 | 5 | 4 | 0 | 1 | 5 | 256 | | | 12 | 8 | 6 | 1 | 0 | 1 | 6 | 320 |
    | | 13 | 8 | 6 | 2 | 0 | 1 | 6 | 384 | | | 14 | 8 | 6 | 3 | 0 | 1 | 6 | 448
    | | | 15 | 8 | 6 | 4 | 0 | 1 | 6 | 512 | | | 16 | 9 | 7 | 1 | 0 | 1 | 7
    | 640 | | | 17 | 9 | 7 | 2 | 0 | 1 | 7 | 768 | | | 18 | 9 | 7 | 3 | 0 | 1
    | 7 | 896 | | | 19 | 9 | 7 | 4 | 0 | 1 | 7 | 1024 | 1K | | 20 | 10 | 8 | 1
    | 0 | 1 | 8 | 1280 | 1.25K | | 21 | 10 | 8 | 2 | 0 | 1 | 8 | 1536 | 1.5K |
    | 22 | 10 | 8 | 3 | 0 | 1 | 8 | 1792 | 1.75K | | 23 | 10 | 8 | 4 | 0 | 1 | 8
    | 2048 | 2K | | 24 | 11 | 9 | 1 | 0 | 1 | 9 | 2560 | 2.5K | | 25 | 11 | 9
    | 2 | 0 | 1 | 9 | 3072 | 3K | | 26 | 11 | 9 | 3 | 0 | 1 | 9 | 3584 | 3.5K |
    | 27 | 11 | 9 | 4 | 0 | 1 | 9 | 4096 | 4K | | 28 | 12 | 10 | 1 | 0 | 1 | 0
    | 5120 | 5K | | 29 | 12 | 10 | 2 | 0 | 1 | 0 | 6144 | 6K | | 30 | 12 | 10
    | 3 | 0 | 1 | 0 | 7168 | 7K | | 31 | 12 | 10 | 4 | 1 | 1 | 0 | 8192 | 8K |
    | 32 | 13 | 11 | 1 | 0 | 1 | 0 | 10240 | 10K | | 33 | 13 | 11 | 2 | 0 | 1
    | 0 | 12288 | 12K | | 34 | 13 | 11 | 3 | 0 | 1 | 0 | 14336 | 14K | | 35 | 13
    | 11 | 4 | 1 | 1 | 0 | 16384 | 16K | | 36 | 14 | 12 | 1 | 0 | 1 | 0 | 20480
    | 20K | | 37 | 14 | 12 | 2 | 1 | 1 | 0 | 24576 | 24K | | 38 | 14 | 12 | 3
    | 0 | 1 | 0 | 28672 | 28K | | 39 | 14 | 12 | 4 | 1 | 0 | 0 | 32768 | 32K |
    | 40 | 15 | 13 | 1 | 1 | 0 | 0 | 40960 | 40K | | 41 | 15 | 13 | 2 | 1 | 0
    | 0 | 49152 | 48K | | 42 | 15 | 13 | 3 | 1 | 0 | 0 | 57344 | 56K | | 43 | 15
    | 13 | 4 | 1 | 0 | 0 | 65536 | 64K | | 44 | 16 | 14 | 1 | 1 | 0 | 0 | 81920
    | 80K | | 45 | 16 | 14 | 2 | 1 | 0 | 0 | 98304 | 96K | | 46 | 16 | 14 | 3
    | 1 | 0 | 0 | 114688 | 112K | | 47 | 16 | 14 | 4 | 1 | 0 | 0 | 131072 | 128K
    | | 48 | 17 | 15 | 1 | 1 | 0 | 0 | 163840 | 160K | | 49 | 17 | 15 | 2 | 1
    | 0 | 0 | 196608 | 192K | | 50 | 17 | 15 | 3 | 1 | 0 | 0 | 229376 | 224K |
    | 51 | 17 | 15 | 4 | 1 | 0 | 0 | 262144 | 256K | | 52 | 18 | 16 | 1 | 1 | 0
    | 0 | 327680 | 320K | | 53 | 18 | 16 | 2 | 1 | 0 | 0 | 393216 | 384K | | 54
    | 18 | 16 | 3 | 1 | 0 | 0 | 458752 | 448K | | 55 | 18 | 16 | 4 | 1 | 0 | 0
    | 524288 | 512K | | 56 | 19 | 17 | 1 | 1 | 0 | 0 | 655360 | 640K | | 57 | 19
    | 17 | 2 | 1 | 0 | 0 | 786432 | 768K | | 58 | 19 | 17 | 3 | 1 | 0 | 0
    | 917504 | 896K | | 59 | 19 | 17 | 4 | 1 | 0 | 0 | 1048576 | 1M | | 60 | 20
    | 18 | 1 | 1 | 0 | 0 | 1310720 | 1.25M | | 61 | 20 | 18 | 2 | 1 | 0 | 0
    | 1572864 | 1.5M | | 62 | 20 | 18 | 3 | 1 | 0 | 0 | 1835008 | 1.75M | | 63
    | 20 | 18 | 4 | 1 | 0 | 0 | 2097152 | 2M | | 64 | 21 | 19 | 1 | 1 | 0 | 0
    | 2621440 | 2.5M | | 65 | 21 | 19 | 2 | 1 | 0 | 0 | 3145728 | 3M | | 66 | 21
    | 19 | 3 | 1 | 0 | 0 | 3670016 | 3.5M | | 67 | 21 | 19 | 4 | 1 | 0 | 0
    | 4194304 | 4M | | 68 | 22 | 20 | 1 | 1 | 0 | 0 | 5242880 | 5M | | 69 | 22
    | 20 | 2 | 1 | 0 | 0 | 6291456 | 6M | | 70 | 22 | 20 | 3 | 1 | 0 | 0
    | 7340032 | 7M | | 71 | 22 | 20 | 4 | 1 | 0 | 0 | 8388608 | 8M | | 72 | 23
    | 21 | 1 | 1 | 0 | 0 | 10485760 | 10M | | 73 | 23 | 21 | 2 | 1 | 0 | 0
    | 12582912 | 12M | | 74 | 23 | 21 | 3 | 1 | 0 | 0 | 14680064 | 14M | | 75
    | 23 | 21 | 4 | 1 | 0 | 0 | 16777216 | 16M |
